1. 34
2. 12
3. 10
4. 88
5. 18
6. 34
7. 63
8. 40
9. 54
10. 34
11. 3
12. 7
13. 93
14. 13
15. 83
16. 73
17. 63
18. 46
19. 67
20. 8
21. 1
22. 58
23. 91
24. 92
25. 56
26. 31
27. 54
28. 13
29. 94
30. 32
31. 4
32. 82
33. 56
34. 48
35. 11
36. 67
37. 40
38. 60
39. 28
40. 24
41. 44
42. 56
43. 79
44. 28
45. 89
46. 60
47. 74
48. 19
49. 93
50. 88
51. 95
52. 18
53. 7
54. 81
55. 9
56. 24
57. 56
58. 21
59. 43
60. 97
61. 16
62. 85
63. 93
64. 87
65. 45
66. 82
67. 6
68. 72
69. 13
70. 47
71. 82
72. 68
73. 42
74. 62
75. 14
76. 60
77. 75
78. 6
79. 2
80. 9
81. 82
82. 16
83. 58
84. 86
85. 50
86. 40
87. 81
88. 42
89. 96
90. 77
91. 87
92. 28
93. 81
94. 57
95. 6
96. 2
97. 50
98. 4
99. 92
100. 31
